5000 124 3 0.713280277771024 0 0
1.4179284439696 0.88465424392899 -0.248349527311908
1.04245186769329 0.350568154535524 -0.137334541463209
-0.000524935233453538 0.223373771584 -0.206551196749979
-0.302571669363392 0.343025835642707 0.0940075544438359
-1.10409350455937 0.578828336587168 0.0363105010348956
-1.05462556321183 0.145451623939817 0.568357357966069
0.656708727379121 0.158268888407135 0.282170441678523
0.0657960014943764 0.356275163494326 0.518724150907705
2.22322194967626 0.102944883664575 0.38183797848025
-0.664155202840983 0.114101694857295 0.203512819316864
1.46162194789339 0.41501154869606 -0.487093987467586
-3.42582634555411 0.607527440736077 1.19892184374971
0.340211157088561 0.139887381597886 0.0111354311849549
-0.459156212531938 0.208920700248247 0.243512535549685
0.76443019665829 0.309937373424531 0.197114689335654
-1.72986910908711 0.218970058795132 0.213312982884231
-0.771329682467952 0.666086403062556 0.654249288919614
1.65869545483495 0.164957146550901 0.00495636197781757
-2.75668658584068 0.554066172515432 0.404055700763001
-2.06291913822418 0.628515133355139 0.20209914155113
0.732772314153668 0.448621509036934 0.265683469170197
-1.25527725789903 0.432331632253527 0.321035264175
1.61421010997797 0.572443760780714 -0.192241779538058
-0.160763122593207 0.234040009371684 -0.100925265301437
-1.2040084707678 0.506138458538224 0.526253677361408
2.16600728340281 0.0827919755867187 -1.40156178572972
0.0657667960289779 0.399750029752995 -0.879507352799673
0.774192794515005 0.330763553526329 0.379204044362868
0.609454250342921 0.415396938135087 0.10315031620391
0.376235355929097 0.377240538324711 0.253282082905721
1.96238044607883 0.0836065044184368 0.0682165086790382
0.341356107449029 -0.0986705520416758 -0.126285900649449
-1.24250551901172 0.381175791860044 0.156516116609188
0.34392834382975 0.592590198758557 -0.0147489221999194
2.26306514808423 0.247372943833958 0.190899197033922
0.78867989034427 0.391605597112306 -0.214567620784491
-2.35036112711212 0.365075833408601 0.661932238291779
0.503784885706222 0.212997358907366 -0.317586783718459
-0.226964641291735 0.406616936698848 -0.372001446675569
-1.53613000948462 0.244716301392986 0.479932279279976
0.86326713294442 0.171500496134033 0.23368839423425
2.81851869180597 -0.0757570784429289 0.600652214093023
-2.25558607602356 0.437086674791606 0.41302829664427
-1.05957875835893 0.416987836967328 0.130476060232967
0.926895036614291 0.574389725797624 -0.377702626878764
1.88119269443032 0.211469908096214 0.0207778390330466
-1.82677594643382 0.567838202360752 0.282690626019815
-1.49790389903476 0.425669009482175 0.290789331040979
0.311011513691199 0.151358225095397 -0.423952808180227
-0.649882005621918 0.369661349302214 -0.0588409397958452
0.880705606320774 0.49262676050534 -0.251370864478034
0.565010374460989 0.391606540176356 -0.130196584145767
0.145351125463856 0.102058841321736 0.338842619820101
3.1306800801183 0.13400322109124 0.0471534270491881
1.33966649363518 -0.0651165513950642 0.0609904056774491
0.0181374827144361 0.47889009163903 -0.114122874438196
0.0182919151852842 0.191760209280201 0.158115069898088
-1.68905868457495 0.442868238202269 0.357881437106058
0.489691558915897 0.100095977690318 -0.696158827078901
0.243713754418007 0.959714079326011 0.319441260793707
0.425014417186336 0.194894840044231 -0.771409257568705
2.206905840152 0.35876895474167 -0.0795477606103049
0.168182037759415 0.363340423782464 -0.245148996195593
0.120772912926944 0.0356409304404996 0.0691140105851878
-1.74159417225174 0.429774001816276 0.679228793315042
-0.793024197476613 0.561592743017616 0.138297480966839
0.814244981359856 0.65183318539565 -0.226860559643173
-1.23933315971901 0.260757428746266 -0.028001235154545
0.868954111137481 0.252082320942964 0.690915456221308
-0.934245466086057 0.138756195953937 0.401463288910095
0.768428274465338 -0.0774790993177552 0.211764290752547
-2.41394994948225 0.457735004187519 0.554774898971427
-0.16154196077733 0.390591115773128 -0.106610176207046
0.323600781629005 0.261611737467489 0.144155848711598
-1.01066287817689 0.702606259525702 0.340905629259091
-2.32142760549351 0.395835099721401 -0.0697077099008588
2.00650519043603 0.0264267302138078 0.813516385941017
0.901149272366254 0.577912417267654 0.104318638496318
-1.24827670339219 0.282712109284763 0.0704172466222065
0.0996231657843357 -0.0035191899552722 -0.143655813846475
0.68365733023303 0.186806892574479 -0.371191495171528
-2.84835788392851 0.275079775900751 0.502629980239651
-1.6289661247018 0.464446816473154 -0.761338645888809
-0.275828169515721 0.488263303883615 -0.160237531939712
-1.01679201905374 0.712669619277363 0.0658062570427501
-0.93454909702648 0.155566052648985 0.19445101871736
0.38183150710678 0.410561405270838 -0.185899058919115
0.846477848775865 0.130722484719534 -0.09573603716558
-0.175516236978885 0.55183163416497 -0.111472918031037
0.119470768767583 0.310230162861442 -0.118797396390644
2.38733852492423 0.550402889851125 -0.830500824439531
-0.880158553975949 0.611912147935689 0.0740707905536624
0.268931581035697 -0.00661352794366477 0.133930213029112
1.58690063708556 0.84874537726496 -0.621066183868122
1.22133605967294 0.389671065670288 -0.307049667791777
-0.191041446238909 0.403145470294767 -0.339671762696157
-1.18164396941956 0.692444381789657 0.328691594886382
0.938466342684016 0.463956551419063 -0.257951221535046
-0.434013717812058 0.385996419232181 0.299691238858302
-0.60874310065786 0.274719767539862 0.217564733991157
-0.65071676842473 0.52131649709022 -0.105783351978634
0.36692444326211 0.0956263781871332 -0.309323443813752
0.486768697414563 0.490530223163759 0.112080392309623
-0.00148494256127529 0.271135972275718 0.0861480748792748
-0.611921332362809 0.214144231643987 0.216323175279748
-0.183503672281869 0.164216876688085 0.17251913234833
-0.673320912107563 0.602761128076319 0.138660311500211
0.357002049611657 0.29034255181388 -0.138834389241916
-1.3759669838726 0.210867037305359 0.683141987308854
-1.29404160263659 0.717483164850644 0.475625078349068
2.31914941129774 0.507179327274668 -0.34012078839782
1.53508567092675 0.268922196168544 -0.326650421742537
1.89059198301277 0.23326680371218 -0.0913925249951756
1.51078541206658 0.316674951049768 -0.113007990746733
-1.07805783237504 0.107346788762068 0.0799938889470839
-3.115830299498 0.691373077037862 0.228661791330101
-0.90877037257216 0.0568584231431974 0.0799016773974301
-1.92269262129236 0.248832453739687 0.430668330050818
-1.83014525785334 0.104488198750902 0.352691687126744
0.167880024444712 0.396044152354428 -0.0849108024127514
-2.54274152194649 0.697472171359681 0.295861100046317
1.87911668112161 0.236132749764453 -0.00252386759612158
-0.749294814778866 0.247936214015514 0.0173420378096912
1.09209091420232 0.137245060683151 -0.246690763970655
